% time     seconds  usecs/call     calls    errors syscall
------ ----------- ----------- --------- --------- ----------------
 21.38    0.005122          16       312       169 open
 13.77    0.003300           4       869        26 close
  8.96    0.002146           7       313       248 fstat
  6.83    0.001637          21        79        47 stat
  6.43    0.001541           4       435           dup
  5.89    0.001412           4       366         1 fcntl
  5.00    0.001198           4       331           rt_sigprocmask
  4.75    0.001137         162         7           clone
  3.97    0.000951           4       245           dup2
  2.70    0.000646           4       177           alarm
  2.62    0.000627         209         3         3 rt_sigsuspend
  2.31    0.000554          21        26           mmap
  2.12    0.000509           8        60           getdents
  2.01    0.000482          10        49         2 read
  1.76    0.000422          32        13         6 wait4
  1.60    0.000384          12        33         4 openat
  1.42    0.000340          24        14           mprotect
  1.34    0.000322           7        44        38 ioctl
  1.11    0.000267         267         1           ftruncate
  1.06    0.000253          84         3           write
  0.59    0.000141           4        40         2 lseek
  0.58    0.000138          12        12         2 access
  0.54    0.000129          32         4           socket
  0.34    0.000082           7        11           brk
  0.26    0.000062          62         1           readlink
  0.25    0.000061           9         7           creat
  0.10    0.000025          25         1           execve
  0.06    0.000014           4         4           munmap
  0.05    0.000012           1         9         1 lstat
  0.05    0.000012          12         1           arch_prctl
  0.05    0.000011           2         6           rt_sigaction
  0.05    0.000011           2         6         3 rt_sigreturn
  0.04    0.000010           5         2           uname
  0.00    0.000000           0         4           pipe
  0.00    0.000000           0         1           getpid
  0.00    0.000000           0         4         4 connect
  0.00    0.000000           0         1           getcwd
  0.00    0.000000           0         1           umask
  0.00    0.000000           0         2           getrusage
  0.00    0.000000           0         1           getuid
  0.00    0.000000           0         1           getgid
  0.00    0.000000           0         1           geteuid
  0.00    0.000000           0         1           getegid
  0.00    0.000000           0         1           getpgrp
------ ----------- ----------- --------- --------- ----------------
100.00    0.023958                  3502       556 total
